0.0 0.0 0.0 0.0 0.0 0.0 0.0198749806732 0.179229989648 0.0143849859014 5.50000004296e-05 4.83435535431 0.000104999999166 0.00501499511302 0.00278500001878 0.517310023308 
0.0 0.0 0.0 0.0 0.0 0.0 4.22429084778 0.207300007343 0.0468699559569 0.209720000625 9.99998956104e-05 4.42516994476 0.0117899887264 0.0252449996769 7.9999997979e-05 
0.0 0.0 0.0 0.0 0.0 0.0 0.164299830794 0.225460007787 4.93781518936 4.71401977539 0.163389831781 0.535875022411 0.0519949495792 0.0477050021291 3.36407518387 
0.0 0.0 0.0 0.0 0.0 0.0 0.569189429283 4.22776985168 0.000464999524411 0.0170250013471 0.00205499795265 0.000104999999166 0.417899549007 4.91160011292 0.418865025043 
0.0 0.0 0.0 0.0 0.0 0.0 0.0223449785262 0.160239994526 0.000464999524411 0.0591799989343 9.99998956104e-05 0.0387450009584 4.51330041885 0.0126649998128 0.699670016766 
0.0 0.0 0.0 0.0 0.0 0.0 0.0 0.0 0.0 0.0 0.0 0.0 0.0 0.0 0.0 
0.0198749806732 4.22429084778 0.164299830794 0.569189429283 0.0223449785262 0.0 0.0 0.0 0.0 0.0 0.0 0.0 0.0 0.0 0.0 
0.179229989648 0.207300007343 0.225460007787 4.22776985168 0.160239994526 0.0 0.0 0.0 0.0 0.0 0.0 0.0 0.0 0.0 0.0 
0.0143849859014 0.0468699559569 4.93781518936 0.000464999524411 0.000464999524411 0.0 0.0 0.0 0.0 0.0 0.0 0.0 0.0 0.0 0.0 
5.50000004296e-05 0.209720000625 4.71401977539 0.0170250013471 0.0591799989343 0.0 0.0 0.0 0.0 0.0 0.0 0.0 0.0 0.0 0.0 
4.83435535431 9.99998956104e-05 0.163389831781 0.00205499795265 9.99998956104e-05 0.0 0.0 0.0 0.0 0.0 0.0 0.0 0.0 0.0 0.0 
0.000104999999166 4.42516994476 0.535875022411 0.000104999999166 0.0387450009584 0.0 0.0 0.0 0.0 0.0 0.0 0.0 0.0 0.0 0.0 
0.00501499511302 0.0117899887264 0.0519949495792 0.417899549007 4.51330041885 0.0 0.0 0.0 0.0 0.0 0.0 0.0 0.0 0.0 0.0 
0.00278500001878 0.0252449996769 0.0477050021291 4.91160011292 0.0126649998128 0.0 0.0 0.0 0.0 0.0 0.0 0.0 0.0 0.0 0.0 
0.517310023308 7.9999997979e-05 3.36407518387 0.418865025043 0.699670016766 0.0 0.0 0.0 0.0 0.0 0.0 0.0 0.0 0.0 0.0 
