0.0 0.0 0.0 0.0 0.0 0.0763620734215 0.0161070004106 2.87164497375 0.0610079988837 0.20759999752 5.99999984843e-05 0.00027899973793 0.130536004901 0.0370349995792 0.108054108918 
0.0 0.0 0.0 0.0 0.0 1.17921721935 0.0520410016179 0.0673379972577 0.0691710039973 2.69224214554 0.0945149958134 0.0698909312487 2.72777986526 2.28230404854 2.74043369293 
0.0 0.0 0.0 0.0 0.0 0.0348840355873 4.19999996666e-05 0.00121799996123 0.00223199999891 0.0639479979873 2.90536499023 0.00027899973793 0.129347994924 0.00883499998599 0.151461154222 
0.0 0.0 0.0 0.0 0.0 1.70953667164 2.93180990219 0.0597990006208 2.86758899689 0.036210000515 5.99999984843e-05 2.92955112457 0.0123360008001 0.671826004982 5.10000500071e-05 
0.0 0.0 0.0 0.0 3.0 3.0 0.0 2.40000009537 0.0 2.40000009537 3.0 2.40000009537 0.0 2.40000009537 2.40000009537 
0.0763620734215 1.17921721935 0.0348840355873 1.70953667164 3.0 3.0 0.0 2.40000009537 0.0 2.40000009537 3.0 2.40000009537 0.0 2.40000009537 2.40000009537 
0.0161070004106 0.0520410016179 4.19999996666e-05 2.93180990219 0.0 0.0 3.0 0.0 0.0 0.0 0.0 0.0 0.0 0.0 0.0 
2.87164497375 0.0673379972577 0.00121799996123 0.0597990006208 0.0 0.0 0.0 3.0 0.0 0.0 0.0 0.0 0.0 0.0 0.0 
0.0610079988837 0.0691710039973 0.00223199999891 2.86758899689 0.0 0.0 0.0 0.0 3.0 0.0 0.0 0.0 0.0 0.0 0.0 
0.20759999752 2.69224214554 0.0639479979873 0.036210000515 0.0 0.0 0.0 0.0 0.0 3.0 0.0 0.0 0.0 0.0 0.0 
5.99999984843e-05 0.0945149958134 2.90536499023 5.99999984843e-05 3.0 3.0 0.0 2.40000009537 0.0 2.40000009537 3.0 2.40000009537 0.0 2.40000009537 2.40000009537 
0.00027899973793 0.0698909312487 0.00027899973793 2.92955112457 0.0 0.0 0.0 0.0 0.0 0.0 0.0 3.0 0.0 0.0 0.0 
0.130536004901 2.72777986526 0.129347994924 0.0123360008001 0.0 0.0 0.0 0.0 0.0 0.0 0.0 0.0 3.0 0.0 0.0 
0.0370349995792 2.28230404854 0.00883499998599 0.671826004982 0.0 0.0 0.0 0.0 0.0 0.0 0.0 0.0 0.0 3.0 0.0 
0.108054108918 2.74043369293 0.151461154222 5.10000500071e-05 0.0 0.0 0.0 0.0 0.0 0.0 0.0 0.0 0.0 0.0 3.0 
