0.0 0.0 0.0 0.0 0.0 0.0 0.0119249876589 0.107537999749 0.00863099191338 3.30000002577e-05 2.90061306953 6.29999994999e-05 0.00300899706781 0.00167099991813 0.310386002064 
0.0 0.0 0.0 0.0 0.0 0.0 2.53457450867 0.124379999936 0.0281219724566 0.125832006335 5.99999402766e-05 2.65510201454 0.0070739928633 0.0151470005512 4.80000016978e-05 
0.0 0.0 0.0 0.0 0.0 0.0 0.0985798984766 0.135276004672 2.96268892288 2.82841205597 0.0980339050293 0.321525007486 0.03119696863 0.0286229997873 2.01844501495 
0.0 0.0 0.0 0.0 0.0 0.0 0.341513633728 2.53666210175 0.00027899973793 0.0102150002494 0.00123299867846 6.29999994999e-05 0.250739753246 2.94695997238 0.251318991184 
0.0 0.0 0.0 0.0 0.0 0.0 0.0134069863707 0.0961439907551 0.00027899973793 0.0355079993606 5.99999402766e-05 0.02324699983 2.70798015594 0.0075989998877 0.419802010059 
0.0 0.0 0.0 0.0 0.0 3.0 3.0 0.0 0.0 0.0 3.0 0.0 0.0 0.0 0.0 
0.0119249876589 2.53457450867 0.0985798984766 0.341513633728 0.0134069863707 3.0 3.0 0.0 0.0 0.0 3.0 0.0 0.0 0.0 0.0 
0.107537999749 0.124379999936 0.135276004672 2.53666210175 0.0961439907551 0.0 0.0 3.0 0.0 0.0 0.0 0.0 0.0 0.0 0.0 
0.00863099191338 0.0281219724566 2.96268892288 0.00027899973793 0.00027899973793 0.0 0.0 0.0 3.0 0.0 0.0 0.0 0.0 0.0 0.0 
3.30000002577e-05 0.125832006335 2.82841205597 0.0102150002494 0.0355079993606 0.0 0.0 0.0 0.0 3.0 0.0 0.0 0.0 0.0 0.0 
2.90061306953 5.99999402766e-05 0.0980339050293 0.00123299867846 5.99999402766e-05 3.0 3.0 0.0 0.0 0.0 3.0 0.0 0.0 0.0 0.0 
6.29999994999e-05 2.65510201454 0.321525007486 6.29999994999e-05 0.02324699983 0.0 0.0 0.0 0.0 0.0 0.0 3.0 0.0 0.0 0.0 
0.00300899706781 0.0070739928633 0.03119696863 0.250739753246 2.70798015594 0.0 0.0 0.0 0.0 0.0 0.0 0.0 3.0 0.0 0.0 
0.00167099991813 0.0151470005512 0.0286229997873 2.94695997238 0.0075989998877 0.0 0.0 0.0 0.0 0.0 0.0 0.0 0.0 3.0 0.0 
0.310386002064 4.80000016978e-05 2.01844501495 0.251318991184 0.419802010059 0.0 0.0 0.0 0.0 0.0 0.0 0.0 0.0 0.0 3.0 
