1418
0 615
1 999
10 813
100 6
1000 243
1001 628
1002 706
1003 639
1004 340
1005 771
1006 985
1007 205
1008 823
1009 1411
101 858
1010 1200
1011 972
1012 1205
1013 154
1014 187
1015 13
1016 588
1017 924
1018 975
1019 1300
102 54
1020 31
1021 536
1022 79
1023 818
1024 26
1025 418
1026 1127
1028 22
103 893
1030 1073
1031 560
1032 1253
1034 493
1035 316
1036 201
1037 595
1038 923
1039 984
104 1412
1040 750
1041 239
1042 1336
1043 1417
1044 375
1045 824
1046 3
1047 742
1048 1161
1049 1370
105 457
1050 381
1051 757
1052 377
1053 472
1054 944
1055 1035
1056 255
1057 224
1058 936
1059 928
106 216
1060 621
1061 1039
1062 172
1063 362
1064 826
1066 777
1067 1063
1068 868
1069 10
107 1190
1071 1242
1072 1182
1074 804
1075 0
1076 1202
1077 996
1078 881
1079 1366
108 1118
1080 886
1081 1290
1082 455
1083 213
1084 873
1085 1363
1086 1323
1087 1032
1088 791
109 1229
1090 356
1091 981
1092 251
1093 1184
1094 116
1096 1177
1097 927
1098 708
1099 1280
11 147
110 945
1100 498
1101 1050
1102 85
1103 983
1104 1086
1105 604
1106 1371
1107 520
1108 564
1109 829
111 99
1110 1272
1111 1390
1112 618
1113 352
1115 487
1116 1404
1117 1219
1118 977
1119 117
112 107
1120 866
1121 686
1122 1265
1123 93
1124 88
1125 891
1126 1047
1127 276
1128 861
1129 1289
113 1211
1130 354
1131 1166
1132 696
1134 438
1135 1330
1136 645
1138 744
1139 398
114 1294
1140 1058
1141 597
1142 699
1143 301
1144 165
1145 899
1146 1238
1147 342
1148 668
1149 990
115 1226
1150 38
1151 574
1152 413
1153 1044
1154 810
1155 889
1156 1206
1157 282
1158 122
1159 1002
116 206
1160 364
1161 965
1162 211
1163 988
1164 268
1165 286
1166 1158
1167 41
1168 456
1169 1193
117 700
1170 1400
1171 934
1172 731
1173 1316
1174 847
1175 1252
1176 90
1177 756
1178 1015
1179 878
118 1309
1180 289
1181 1083
1182 437
1183 127
1184 1045
1185 807
1186 1361
1187 1012
1188 848
119 1310
1190 103
1191 1285
1192 610
1193 429
1194 1160
1195 1150
1196 191
1197 1006
1198 535
1199 580
12 478
120 1092
1200 23
1201 851
1202 1024
1203 921
1204 785
1205 992
1206 225
1208 720
1209 444
121 541
1210 687
1211 1393
1212 1137
1213 421
1214 758
1215 168
1216 515
1217 109
1218 680
1219 358
122 278
1220 1315
1221 1362
1222 470
1223 134
1224 508
1225 1209
1226 156
1227 1232
1228 1303
1229 834
123 335
1230 733
1231 1029
1232 805
1233 129
1234 152
1235 563
1236 102
1237 1164
1238 253
1239 510
124 63
1240 781
1241 754
1242 1341
1243 257
1244 12
1245 279
1246 903
1247 702
1248 1154
1249 33
125 591
1250 845
1251 1156
1252 918
1253 691
1254 1099
1255 411
1256 62
1257 170
1258 631
1259 64
126 275
1260 689
1261 1097
1262 994
1263 954
1264 856
1265 1328
1266 729
1267 727
1268 57
1269 466
127 313
1270 197
1271 1350
1272 1036
1273 403
1274 630
1276 792
1277 513
1278 704
1279 183
128 125
1280 323
1281 339
1282 135
1283 378
1284 773
1285 72
1286 338
1287 479
1288 1213
1289 659
129 567
1290 1201
1291 416
1292 1322
1293 501
1294 367
1296 505
1297 672
1298 69
1299 1306
13 175
130 874
1300 61
1302 538
1303 1329
1305 747
1306 196
1307 120
1308 812
1309 692
131 1237
1310 1068
1311 552
1312 537
1313 799
1314 1199
1315 901
1316 685
1317 363
1318 651
1319 439
132 841
1320 620
1321 606
1322 1365
1323 192
1324 160
1326 281
1327 1406
1329 853
1330 1170
1331 1244
1332 1090
1333 993
1334 579
1335 334
1336 1077
1337 765
1338 832
1339 1360
134 855
1340 177
1341 609
1342 611
1343 644
1344 523
1345 204
1347 52
1348 221
1349 1347
135 820
1351 907
1352 869
1353 65
1354 732
1355 218
1356 641
1357 1178
1359 779
136 723
1360 1140
1361 968
1362 1218
1363 1142
1364 200
1365 635
1366 528
1367 1414
1368 1273
1369 1318
137 572
1370 308
1371 581
1375 77
1376 648
1377 929
1378 1222
1379 525
138 483
1380 797
1381 768
1383 106
1384 555
1385 819
1386 518
1387 583
1388 1210
1389 652
139 1123
1390 1157
1391 550
1392 1279
1393 1159
1394 1037
1395 419
1396 545
1397 1353
1398 1397
1399 295
14 803
140 1186
1400 718
1401 522
1402 333
1403 561
1404 1399
1405 133
1406 1217
1407 1144
1408 309
1409 315
141 828
1410 601
1411 1151
1413 912
1414 913
1415 136
1416 432
1417 126
1418 1268
1419 1388
142 558
1420 1138
1421 1296
1422 1228
1423 1195
1424 788
1425 1292
1426 379
1427 167
1428 701
1429 1256
143 683
1430 94
1431 1005
1432 1339
1433 825
1434 492
1435 963
1436 897
1438 835
1439 1275
144 1354
1440 263
1441 312
1442 310
1443 1355
1445 1283
1446 350
1447 1183
1448 1175
1449 949
145 1356
1450 202
1451 694
1452 233
1453 157
1455 186
1456 1181
1457 1395
1458 1062
1459 445
146 461
1460 296
1461 84
1462 1010
1463 288
1464 1148
1465 331
1466 1227
1467 544
1468 669
1469 786
147 997
1470 101
1471 713
1472 1189
1473 29
1474 514
1475 1385
1476 662
1477 387
1479 599
148 1033
1480 176
1481 1194
1482 821
1483 469
1484 1188
1485 73
1486 250
1487 361
1488 318
1489 80
149 817
1490 1152
1491 1106
1492 1165
1493 1375
1494 369
1495 1135
1496 256
1497 488
1498 1043
1499 1293
15 931
150 112
1500 690
151 284
152 1054
153 433
154 1197
155 710
156 844
157 21
158 998
159 980
16 831
160 1263
161 1246
162 1130
163 14
164 1023
165 843
166 320
167 553
168 1301
169 895
17 1038
170 1091
171 511
173 273
174 827
175 409
176 108
177 264
178 1111
179 1264
18 556
181 27
182 1351
183 5
184 60
185 1230
186 842
187 1134
188 451
189 408
19 1287
190 189
191 70
192 675
193 721
194 345
195 1120
196 1072
197 532
198 1129
199 681
20 1180
200 1171
201 89
202 946
203 1059
204 59
205 1224
206 143
207 1332
208 1088
209 1384
21 964
210 217
211 490
212 840
213 540
214 1060
216 722
217 370
219 1386
22 570
220 1049
221 605
222 1125
223 649
224 1345
225 1128
226 47
227 1214
228 448
229 966
23 291
230 539
231 260
233 755
234 822
235 876
236 164
237 898
238 646
239 162
24 158
240 714
241 585
242 626
243 1416
244 952
245 442
246 82
247 1105
248 916
249 549
25 1051
250 665
251 141
252 25
253 348
254 958
255 365
256 1008
257 190
258 991
259 1373
26 1313
260 1030
261 246
262 688
264 619
265 1240
266 1087
267 1284
268 943
269 242
27 1208
270 774
271 384
272 227
273 75
274 321
275 1348
276 1163
278 388
279 809
28 1271
281 1028
282 471
283 775
284 1389
285 1335
286 214
287 1019
288 274
289 976
29 900
290 241
291 215
292 485
293 329
294 594
295 423
296 867
297 1364
298 925
299 151
3 559
30 319
300 1382
301 144
303 1358
304 399
305 140
306 1109
307 524
308 1093
309 1004
31 272
310 679
311 917
312 244
313 565
314 1235
315 863
317 294
318 1084
319 894
32 571
320 586
321 637
323 542
324 161
325 1248
326 743
327 1374
329 587
33 767
330 1071
332 1027
333 883
334 909
335 44
336 203
337 1146
339 684
34 307
340 1376
341 371
343 1196
344 933
345 527
346 1308
347 1133
348 865
349 1307
35 30
351 392
352 697
353 960
354 734
355 180
356 1333
357 783
358 111
359 459
36 7
360 373
361 833
362 139
364 299
365 67
366 682
367 859
368 1324
369 1379
37 590
370 961
372 748
373 509
374 547
375 784
376 1259
377 939
378 115
379 950
38 517
380 1262
381 476
383 123
384 449
385 717
386 1067
387 198
388 58
389 955
39 1394
390 1136
391 531
392 967
393 270
394 808
395 577
396 159
397 465
398 1149
399 1236
4 410
40 1079
400 1337
402 598
403 430
404 1368
405 1064
406 148
407 380
408 232
409 857
41 1143
411 397
413 906
414 303
415 642
416 404
418 283
419 1223
42 762
420 1124
421 336
422 219
423 1057
425 277
426 902
427 1153
428 132
429 724
43 978
430 600
431 56
432 45
433 446
434 566
435 1291
436 332
437 258
438 78
439 548
44 185
440 1359
441 862
442 374
443 105
444 20
445 226
446 884
447 914
448 245
449 81
45 443
450 1245
451 372
452 1387
453 1327
454 1277
455 1407
456 267
457 1270
459 1344
46 640
460 1204
461 337
462 995
463 386
464 1040
465 355
466 254
468 1381
469 142
47 1317
470 932
471 46
472 249
473 1367
474 368
475 76
476 1325
477 782
479 1102
48 425
480 343
481 500
482 693
483 163
484 1001
485 385
486 730
488 1056
489 802
49 17
490 1311
491 728
492 74
493 871
494 1179
496 663
497 181
498 908
499 890
5 1016
50 1239
500 712
501 778
502 393
503 761
504 199
505 304
506 969
507 1278
508 1089
509 1207
51 1021
510 1281
511 573
512 240
513 235
514 875
515 607
516 751
517 19
518 86
519 238
52 1052
520 1254
521 661
522 1392
523 83
524 1117
525 1282
526 575
527 53
528 422
529 327
53 1231
530 463
531 452
532 735
533 1003
534 657
535 596
536 414
538 1349
539 1173
54 1017
540 4
541 1401
542 795
543 798
544 1334
545 150
546 589
547 1025
548 50
549 1085
55 1026
550 974
551 330
552 1061
553 854
554 1369
555 1094
556 248
557 1298
558 1076
559 486
56 725
560 794
561 477
562 37
563 1357
564 576
565 557
567 503
568 962
569 464
57 306
570 95
571 266
572 1274
573 1174
574 752
575 349
576 34
577 1065
578 131
579 664
58 328
580 1145
581 749
582 326
583 1114
584 353
585 271
586 864
587 401
588 1122
589 973
59 562
590 1326
591 32
592 68
593 435
594 643
595 837
596 953
597 1070
598 460
599 482
6 193
60 852
600 1258
601 1115
602 297
603 1212
604 1139
605 468
606 311
607 130
608 1255
609 737
61 1203
610 948
611 763
612 911
613 302
614 428
615 1267
616 357
617 1331
618 222
619 512
62 207
620 43
621 209
622 670
623 926
624 654
625 739
626 420
627 447
628 124
629 530
63 941
630 1391
631 504
632 1234
633 262
634 228
635 1319
636 400
637 1096
638 1009
639 1343
64 230
640 879
641 417
642 759
643 870
644 650
645 1243
646 593
647 937
648 390
649 300
65 1241
650 1187
651 1302
652 1172
653 617
654 431
655 1168
656 1342
657 383
658 1169
659 51
66 877
660 915
661 658
662 526
663 376
664 92
665 184
666 1215
667 1260
668 1053
669 959
67 1020
670 578
671 16
672 484
673 616
675 1352
676 1095
677 1261
678 305
679 285
68 494
680 740
681 247
682 613
683 231
684 716
685 770
686 625
687 237
688 1074
689 986
69 415
690 497
691 896
692 1250
693 1022
694 673
695 885
696 636
697 18
698 1101
699 1131
7 603
70 622
700 458
701 772
702 602
703 496
704 507
705 910
706 678
709 55
71 989
710 1104
711 769
712 647
713 1403
714 194
715 741
716 1266
717 317
718 922
719 28
72 629
720 956
721 979
722 212
723 454
724 389
725 919
726 1041
727 1042
728 179
729 1338
73 746
730 904
731 382
732 1383
733 726
734 568
735 1299
736 1269
737 1046
738 930
739 114
74 359
740 584
741 269
742 347
743 1192
744 195
745 1415
746 1247
747 412
748 1251
749 623
75 815
750 554
751 66
752 351
753 776
754 888
755 814
756 119
757 1191
758 1405
759 36
76 346
760 614
761 42
762 849
763 155
764 1221
765 91
766 391
767 424
768 707
769 1162
77 935
770 1147
771 1126
772 1121
773 676
774 314
775 1305
776 1409
777 764
778 1295
779 440
780 1103
781 634
782 850
783 801
784 298
785 188
786 940
787 789
788 489
789 1372
79 736
790 738
791 450
792 405
793 173
795 674
796 806
797 1031
798 1110
799 480
8 1018
80 1034
800 1320
801 71
802 265
803 1413
804 947
805 1141
806 1398
807 1297
808 971
809 582
81 174
810 632
811 811
812 705
813 551
814 223
815 1000
816 987
817 1276
818 839
82 1233
820 236
821 1198
822 1380
823 325
824 153
825 113
826 533
827 360
828 569
829 98
83 982
830 592
831 638
833 87
834 1176
835 872
836 1014
837 942
838 655
84 395
840 1069
841 534
842 402
843 453
844 407
845 1340
846 1216
847 427
848 1098
849 838
85 892
850 516
851 612
852 1257
853 753
854 1
855 703
856 546
857 627
858 793
859 1078
86 137
860 259
861 1155
862 394
863 436
864 138
865 1116
866 229
868 481
869 220
87 1107
870 1402
871 252
873 1013
874 1286
875 110
876 796
877 324
878 830
879 880
88 1410
880 543
881 426
882 1119
883 1249
884 149
885 261
886 491
887 938
888 280
889 1225
89 8
890 1112
891 97
892 15
893 35
894 1075
895 171
896 169
897 118
898 920
899 396
9 1108
90 1288
901 366
902 166
903 473
904 905
905 633
907 100
908 344
91 882
910 406
911 96
912 287
913 719
914 1113
915 208
916 887
917 787
918 1007
92 40
920 745
921 1082
922 529
923 970
924 1396
926 1100
927 178
928 11
929 234
93 677
930 698
931 462
932 519
933 1081
934 1011
935 608
936 951
937 695
938 653
939 506
94 1220
940 836
941 474
942 292
943 715
944 1314
945 146
946 1080
947 521
948 666
949 1312
95 711
950 1066
951 1185
952 441
953 656
954 1408
955 322
956 293
957 128
959 860
96 434
960 624
961 1055
962 48
963 1167
964 800
965 1048
966 39
967 495
968 667
969 467
97 1378
970 9
971 1304
972 780
973 290
974 341
975 1321
976 766
977 121
978 760
979 104
980 475
981 957
982 660
983 502
984 1132
985 790
986 499
987 709
988 210
99 49
990 2
991 24
992 182
993 145
995 816
996 1377
997 1346
998 671
999 846
