0.0 0.0 0.0 0.0 0.0 0.0 0.0 0.0 0.0 0.0 0.0 0.0 0.0 0.0 0.0 0.0 0.0 0.0 1.59999672178e-05 1.30000262288e-05 2.00000795303e-06 7.9999836089e-06 0.000617000623606 0.000447001337307 1.39999583553e-05 1.19999522212e-05 1.39999583553e-05 2.19998892135e-05 0.712024450302 1.30000262288e-05 1.10000219138e-05 1.10000328277e-05 0.00154899689369 0.00946599990129 1.39999583553e-05 0.000131999870064 
0.0 0.0 0.0 0.0 0.0 0.0 0.0 0.0 0.0 0.0 0.0 0.0 0.0 0.0 0.0 0.0 0.0 0.0 1.59999672178e-05 1.30000262288e-05 2.00000795303e-06 7.9999836089e-06 0.00342200347222 0.00789402332157 0.896487295628 1.19999522212e-05 0.00299999094568 0.00562997162342 0.00680601364002 0.0649521276355 1.10000219138e-05 1.10000328277e-05 0.0151219693944 2.5999999707e-05 0.00275999167934 0.0111429886892 
0.0 0.0 0.0 0.0 0.0 0.0 0.0 0.0 0.0 0.0 0.0 0.0 0.0 0.0 0.0 0.0 0.0 0.0 1.59999672178e-05 1.30000262288e-05 0.000576002290472 7.9999836089e-06 5.60000553378e-05 2.10000634979e-05 0.000153999542817 0.000128999483422 1.39999583553e-05 2.19998892135e-05 1.70000348589e-05 1.30000262288e-05 0.00799801573157 0.875987648964 1.29999743876e-05 0.00186199997552 0.000150999549078 1.19999876915e-05 
0.0 0.0 0.0 0.0 0.0 0.0 0.0 0.0 0.0 0.0 0.0 0.0 0.0 0.0 0.0 0.0 0.0 0.0 0.0214509572834 0.000148000297486 2.00000795303e-06 0.000874998222571 0.675398647785 2.10000634979e-05 1.39999583553e-05 1.19999522212e-05 0.00150699552614 2.19998892135e-05 0.0409210808575 1.30000262288e-05 1.10000219138e-05 0.00570701714605 0.00782398413867 0.0170699991286 1.39999583553e-05 1.19999876915e-05 
0.0 0.0 0.0 0.0 0.0 0.0 0.0 0.0 0.0 0.0 0.0 0.0 0.0 0.0 0.0 0.0 0.0 0.0 0.0259559489787 0.00377100752667 5.00001988257e-05 0.0267259459943 0.0348330363631 2.10000634979e-05 0.00183099450078 1.19999522212e-05 0.0215999353677 2.19998892135e-05 0.0292100589722 0.0283330567181 1.10000219138e-05 1.10000328277e-05 0.753039479256 0.0105140004307 0.00372098875232 0.00539799453691 
0.0 0.0 0.0 0.0 0.0 0.0 0.0 0.0 0.0 0.0 0.0 0.0 0.0 0.0 0.0 0.0 0.0 0.0 0.848129332066 0.000148000297486 2.00000795303e-06 0.00308199389838 5.60000553378e-05 0.00087200262351 0.0149669554085 0.00129799486604 0.00313599058427 0.00368898152374 0.0553481094539 0.04242708534 1.10000219138e-05 1.10000328277e-05 0.0153779694811 2.5999999707e-05 1.39999583553e-05 0.0758959203959 
0.0 0.0 0.0 0.0 0.0 0.0 0.0 0.0 0.0 0.0 0.0 0.0 0.0 0.0 0.0 0.0 0.0 0.0 0.0125969750807 0.00028200057568 2.00000795303e-06 7.9999836089e-06 5.60000553378e-05 2.10000634979e-05 0.000572998309508 1.19999522212e-05 1.39999583553e-05 2.19998892135e-05 0.00986101944 0.0133170261979 1.10000219138e-05 1.10000328277e-05 1.29999743876e-05 0.840919971466 0.00550498347729 0.000131999870064 
0.0 0.0 0.0 0.0 0.0 0.0 0.0 0.0 0.0 0.0 0.0 0.0 0.0 0.0 0.0 0.0 0.0 0.0 1.59999672178e-05 0.916158854961 0.0116330469027 0.0212879572064 0.120653122663 2.10000634979e-05 1.39999583553e-05 0.046567812562 0.0290669128299 2.19998892135e-05 0.00680601364002 0.0254350509495 0.0153100304306 1.10000328277e-05 0.118965759873 2.5999999707e-05 1.39999583553e-05 1.19999876915e-05 
0.0 0.0 0.0 0.0 0.0 0.0 0.0 0.0 0.0 0.0 0.0 0.0 0.0 0.0 0.0 0.0 0.0 0.0 0.000170999657712 0.000416000839323 5.00001988257e-05 0.000165999663295 5.60000553378e-05 2.10000634979e-05 1.39999583553e-05 1.19999522212e-05 0.808205604553 2.19998892135e-05 0.0198750402778 0.0400560796261 1.10000219138e-05 0.00992202945054 0.00615898752585 0.0249359998852 1.39999583553e-05 0.00587699422613 
0.0 0.0 0.0 0.0 0.0 0.0 0.0 0.0 0.0 0.0 0.0 0.0 0.0 0.0 0.0 0.0 0.0 0.0 0.0405569188297 0.000148000297486 2.00000795303e-06 7.9999836089e-06 5.60000553378e-05 0.0742802247405 0.0199979394674 1.19999522212e-05 1.39999583553e-05 2.19998892135e-05 1.70000348589e-05 0.0077850157395 1.10000219138e-05 1.10000328277e-05 1.29999743876e-05 0.0383079983294 0.000150999549078 0.818104207516 
0.0 0.0 0.0 0.0 0.0 0.0 0.0 0.0 0.0 0.0 0.0 0.0 0.0 0.0 0.0 0.0 0.0 0.0 1.59999672178e-05 1.30000262288e-05 2.00000795303e-06 0.945166110992 5.60000553378e-05 2.10000634979e-05 0.000153999542817 1.19999522212e-05 0.0175269469619 0.000236998821492 1.70000348589e-05 0.00883801747113 1.10000219138e-05 1.10000328277e-05 0.0144819710404 2.5999999707e-05 1.39999583553e-05 1.19999876915e-05 
0.0 0.0 0.0 0.0 0.0 0.0 0.0 0.0 0.0 0.0 0.0 0.0 0.0 0.0 0.0 0.0 0.0 0.0 0.0164809674025 0.0479280948639 0.00260501052253 0.000243999515078 0.00398200377822 2.10000634979e-05 0.0183209441602 0.910896360874 0.0418278761208 0.0136109320447 0.0105400206521 0.0816801637411 0.0208220407367 0.00707402126864 0.0352249294519 2.5999999707e-05 1.39999583553e-05 1.19999876915e-05 
0.0 0.0 0.0 0.0 0.0 0.0 0.0 0.0 0.0 0.0 0.0 0.0 0.0 0.0 0.0 0.0 0.0 0.0 1.59999672178e-05 0.020682040602 0.00086200342048 7.9999836089e-06 0.00117800117005 0.00108500325587 0.000153999542817 0.0241089034826 1.39999583553e-05 2.19998892135e-05 0.00969101954252 0.0189810376614 0.934117853642 0.0289450865239 1.29999743876e-05 2.5999999707e-05 1.39999583553e-05 1.19999876915e-05 
0.0 0.0 0.0 0.0 0.0 0.0 0.0 0.0 0.0 0.0 0.0 0.0 0.0 0.0 0.0 0.0 0.0 0.0 0.0188109632581 0.00779801560566 0.979114890099 0.00229399534874 0.147577151656 2.10000634979e-05 1.39999583553e-05 0.000128999483422 1.39999583553e-05 2.19998892135e-05 0.0149530302733 0.0121320243925 0.0131720267236 0.058448176831 0.000908998190425 0.0341130010784 0.0109969666228 1.19999876915e-05 
0.0 0.0 0.0 0.0 0.0 0.0 0.0 0.0 0.0 0.0 0.0 0.0 0.0 0.0 0.0 0.0 0.0 0.0 0.0028119944036 1.30000262288e-05 2.00000795303e-06 7.9999836089e-06 5.60000553378e-05 0.914956748486 0.00336798978969 1.19999522212e-05 1.39999583553e-05 2.19998892135e-05 1.70000348589e-05 0.000408000807511 1.10000219138e-05 1.10000328277e-05 1.29999743876e-05 0.00972799956799 1.39999583553e-05 0.0741009265184 
0.0 0.0 0.0 0.0 0.0 0.0 0.0 0.0 0.0 0.0 0.0 0.0 0.0 0.0 0.0 0.0 0.0 0.0 0.000325999339111 1.30000262288e-05 2.00000795303e-06 8.69998257258e-05 0.0118350116536 2.10000634979e-05 1.39999583553e-05 1.19999522212e-05 0.0175269469619 2.19998892135e-05 1.70000348589e-05 0.000145000289194 0.000236000472796 0.00627601891756 1.29999743876e-05 0.00658100005239 0.976561069489 1.19999876915e-05 
0.0 0.0 0.0 0.0 0.0 0.0 0.0 0.0 0.0 0.0 0.0 0.0 0.0 0.0 0.0 0.0 0.0 0.0 0.0125969750807 0.000684001366608 2.00000795303e-06 7.9999836089e-06 5.60000553378e-05 0.00023400070495 0.00742097757757 0.0167389325798 1.39999583553e-05 0.976547122002 0.0298890601844 0.0135800270364 1.10000219138e-05 1.10000328277e-05 1.29999743876e-05 0.00553299998865 1.39999583553e-05 0.00910899043083 
0.0 0.0 0.0 0.0 0.0 0.0 0.0 0.0 0.0 0.0 0.0 0.0 0.0 0.0 0.0 0.0 0.0 0.0 1.59999672178e-05 0.00175800349098 0.00508902035654 7.9999836089e-06 5.60000553378e-05 2.10000634979e-05 0.0364878922701 1.19999522212e-05 0.0564908310771 2.19998892135e-05 0.0539901070297 0.641891300678 0.00822301674634 0.00753002241254 0.0312559381127 0.000813000020571 1.39999583553e-05 1.19999876915e-05 
1.59999672178e-05 1.59999672178e-05 1.59999672178e-05 0.0214509572834 0.0259559489787 0.848129332066 0.0125969750807 1.59999672178e-05 0.000170999657712 0.0405569188297 1.59999672178e-05 0.0164809674025 1.59999672178e-05 0.0188109632581 0.0028119944036 0.000325999339111 0.0125969750807 1.59999672178e-05 0.0 0.0 0.0 0.0 0.0 0.0 0.0 0.0 0.0 0.0 0.0 0.0 0.0 0.0 0.0 0.0 0.0 0.0 
1.30000262288e-05 1.30000262288e-05 1.30000262288e-05 0.000148000297486 0.00377100752667 0.000148000297486 0.00028200057568 0.916158854961 0.000416000839323 0.000148000297486 1.30000262288e-05 0.0479280948639 0.020682040602 0.00779801560566 1.30000262288e-05 1.30000262288e-05 0.000684001366608 0.00175800349098 0.0 0.0 0.0 0.0 0.0 0.0 0.0 0.0 0.0 0.0 0.0 0.0 0.0 0.0 0.0 0.0 0.0 0.0 
2.00000795303e-06 2.00000795303e-06 0.000576002290472 2.00000795303e-06 5.00001988257e-05 2.00000795303e-06 2.00000795303e-06 0.0116330469027 5.00001988257e-05 2.00000795303e-06 2.00000795303e-06 0.00260501052253 0.00086200342048 0.979114890099 2.00000795303e-06 2.00000795303e-06 2.00000795303e-06 0.00508902035654 0.0 0.0 0.0 0.0 0.0 0.0 0.0 0.0 0.0 0.0 0.0 0.0 0.0 0.0 0.0 0.0 0.0 0.0 
7.9999836089e-06 7.9999836089e-06 7.9999836089e-06 0.000874998222571 0.0267259459943 0.00308199389838 7.9999836089e-06 0.0212879572064 0.000165999663295 7.9999836089e-06 0.945166110992 0.000243999515078 7.9999836089e-06 0.00229399534874 7.9999836089e-06 8.69998257258e-05 7.9999836089e-06 7.9999836089e-06 0.0 0.0 0.0 0.0 0.0 0.0 0.0 0.0 0.0 0.0 0.0 0.0 0.0 0.0 0.0 0.0 0.0 0.0 
0.000617000623606 0.00342200347222 5.60000553378e-05 0.675398647785 0.0348330363631 5.60000553378e-05 5.60000553378e-05 0.120653122663 5.60000553378e-05 5.60000553378e-05 5.60000553378e-05 0.00398200377822 0.00117800117005 0.147577151656 5.60000553378e-05 0.0118350116536 5.60000553378e-05 5.60000553378e-05 0.0 0.0 0.0 0.0 0.0 0.0 0.0 0.0 0.0 0.0 0.0 0.0 0.0 0.0 0.0 0.0 0.0 0.0 
0.000447001337307 0.00789402332157 2.10000634979e-05 2.10000634979e-05 2.10000634979e-05 0.00087200262351 2.10000634979e-05 2.10000634979e-05 2.10000634979e-05 0.0742802247405 2.10000634979e-05 2.10000634979e-05 0.00108500325587 2.10000634979e-05 0.914956748486 2.10000634979e-05 0.00023400070495 2.10000634979e-05 0.0 0.0 0.0 0.0 0.0 0.0 0.0 0.0 0.0 0.0 0.0 0.0 0.0 0.0 0.0 0.0 0.0 0.0 
1.39999583553e-05 0.896487295628 0.000153999542817 1.39999583553e-05 0.00183099450078 0.0149669554085 0.000572998309508 1.39999583553e-05 1.39999583553e-05 0.0199979394674 0.000153999542817 0.0183209441602 0.000153999542817 1.39999583553e-05 0.00336798978969 1.39999583553e-05 0.00742097757757 0.0364878922701 0.0 0.0 0.0 0.0 0.0 0.0 0.0 0.0 0.0 0.0 0.0 0.0 0.0 0.0 0.0 0.0 0.0 0.0 
1.19999522212e-05 1.19999522212e-05 0.000128999483422 1.19999522212e-05 1.19999522212e-05 0.00129799486604 1.19999522212e-05 0.046567812562 1.19999522212e-05 1.19999522212e-05 1.19999522212e-05 0.910896360874 0.0241089034826 0.000128999483422 1.19999522212e-05 1.19999522212e-05 0.0167389325798 1.19999522212e-05 0.0 0.0 0.0 0.0 0.0 0.0 0.0 0.0 0.0 0.0 0.0 0.0 0.0 0.0 0.0 0.0 0.0 0.0 
1.39999583553e-05 0.00299999094568 1.39999583553e-05 0.00150699552614 0.0215999353677 0.00313599058427 1.39999583553e-05 0.0290669128299 0.808205604553 1.39999583553e-05 0.0175269469619 0.0418278761208 1.39999583553e-05 1.39999583553e-05 1.39999583553e-05 0.0175269469619 1.39999583553e-05 0.0564908310771 0.0 0.0 0.0 0.0 0.0 0.0 0.0 0.0 0.0 0.0 0.0 0.0 0.0 0.0 0.0 0.0 0.0 0.0 
2.19998892135e-05 0.00562997162342 2.19998892135e-05 2.19998892135e-05 2.19998892135e-05 0.00368898152374 2.19998892135e-05 2.19998892135e-05 2.19998892135e-05 2.19998892135e-05 0.000236998821492 0.0136109320447 2.19998892135e-05 2.19998892135e-05 2.19998892135e-05 2.19998892135e-05 0.976547122002 2.19998892135e-05 0.0 0.0 0.0 0.0 0.0 0.0 0.0 0.0 0.0 0.0 0.0 0.0 0.0 0.0 0.0 0.0 0.0 0.0 
0.712024450302 0.00680601364002 1.70000348589e-05 0.0409210808575 0.0292100589722 0.0553481094539 0.00986101944 0.00680601364002 0.0198750402778 1.70000348589e-05 1.70000348589e-05 0.0105400206521 0.00969101954252 0.0149530302733 1.70000348589e-05 1.70000348589e-05 0.0298890601844 0.0539901070297 0.0 0.0 0.0 0.0 0.0 0.0 0.0 0.0 0.0 0.0 0.0 0.0 0.0 0.0 0.0 0.0 0.0 0.0 
1.30000262288e-05 0.0649521276355 1.30000262288e-05 1.30000262288e-05 0.0283330567181 0.04242708534 0.0133170261979 0.0254350509495 0.0400560796261 0.0077850157395 0.00883801747113 0.0816801637411 0.0189810376614 0.0121320243925 0.000408000807511 0.000145000289194 0.0135800270364 0.641891300678 0.0 0.0 0.0 0.0 0.0 0.0 0.0 0.0 0.0 0.0 0.0 0.0 0.0 0.0 0.0 0.0 0.0 0.0 
1.10000219138e-05 1.10000219138e-05 0.00799801573157 1.10000219138e-05 1.10000219138e-05 1.10000219138e-05 1.10000219138e-05 0.0153100304306 1.10000219138e-05 1.10000219138e-05 1.10000219138e-05 0.0208220407367 0.934117853642 0.0131720267236 1.10000219138e-05 0.000236000472796 1.10000219138e-05 0.00822301674634 0.0 0.0 0.0 0.0 0.0 0.0 0.0 0.0 0.0 0.0 0.0 0.0 0.0 0.0 0.0 0.0 0.0 0.0 
1.10000328277e-05 1.10000328277e-05 0.875987648964 0.00570701714605 1.10000328277e-05 1.10000328277e-05 1.10000328277e-05 1.10000328277e-05 0.00992202945054 1.10000328277e-05 1.10000328277e-05 0.00707402126864 0.0289450865239 0.058448176831 1.10000328277e-05 0.00627601891756 1.10000328277e-05 0.00753002241254 0.0 0.0 0.0 0.0 0.0 0.0 0.0 0.0 0.0 0.0 0.0 0.0 0.0 0.0 0.0 0.0 0.0 0.0 
0.00154899689369 0.0151219693944 1.29999743876e-05 0.00782398413867 0.753039479256 0.0153779694811 1.29999743876e-05 0.118965759873 0.00615898752585 1.29999743876e-05 0.0144819710404 0.0352249294519 1.29999743876e-05 0.000908998190425 1.29999743876e-05 1.29999743876e-05 1.29999743876e-05 0.0312559381127 0.0 0.0 0.0 0.0 0.0 0.0 0.0 0.0 0.0 0.0 0.0 0.0 0.0 0.0 0.0 0.0 0.0 0.0 
0.00946599990129 2.5999999707e-05 0.00186199997552 0.0170699991286 0.0105140004307 2.5999999707e-05 0.840919971466 2.5999999707e-05 0.0249359998852 0.0383079983294 2.5999999707e-05 2.5999999707e-05 2.5999999707e-05 0.0341130010784 0.00972799956799 0.00658100005239 0.00553299998865 0.000813000020571 0.0 0.0 0.0 0.0 0.0 0.0 0.0 0.0 0.0 0.0 0.0 0.0 0.0 0.0 0.0 0.0 0.0 0.0 
1.39999583553e-05 0.00275999167934 0.000150999549078 1.39999583553e-05 0.00372098875232 1.39999583553e-05 0.00550498347729 1.39999583553e-05 1.39999583553e-05 0.000150999549078 1.39999583553e-05 1.39999583553e-05 1.39999583553e-05 0.0109969666228 1.39999583553e-05 0.976561069489 1.39999583553e-05 1.39999583553e-05 0.0 0.0 0.0 0.0 0.0 0.0 0.0 0.0 0.0 0.0 0.0 0.0 0.0 0.0 0.0 0.0 0.0 0.0 
0.000131999870064 0.0111429886892 1.19999876915e-05 1.19999876915e-05 0.00539799453691 0.0758959203959 0.000131999870064 1.19999876915e-05 0.00587699422613 0.818104207516 1.19999876915e-05 1.19999876915e-05 1.19999876915e-05 1.19999876915e-05 0.0741009265184 1.19999876915e-05 0.00910899043083 1.19999876915e-05 0.0 0.0 0.0 0.0 0.0 0.0 0.0 0.0 0.0 0.0 0.0 0.0 0.0 0.0 0.0 0.0 0.0 0.0 
