2444
0 1817
1 1265
100 1523
1000 1337
1001 1027
1002 1925
1003 1261
1004 784
1005 23
1006 1179
1007 1457
1008 386
1009 937
101 1769
1010 664
1011 82
1012 116
1013 1763
1014 656
1015 2098
1016 1349
1017 1891
1018 1334
1019 1520
102 1551
1021 118
1022 1762
1023 2294
1024 2112
1025 1741
1026 359
1027 83
1028 1812
1029 2006
103 295
1030 2008
1032 922
1033 651
1034 926
1035 2443
1036 46
1037 2312
1038 1148
1039 2154
104 195
1040 1336
1041 1049
1042 2105
1043 1619
1044 1377
1045 847
1046 25
1047 2280
1048 785
1049 802
105 1150
1050 687
1051 1627
1052 1095
1053 1223
1054 668
1055 951
1056 1747
1057 1412
1059 1110
106 1180
1060 1314
1061 695
1062 1837
1063 1969
1064 211
1065 1413
1066 551
1067 1860
1068 508
1069 2234
107 1225
1070 1402
1071 1766
1072 1038
1073 334
1074 1552
1075 402
1076 1291
1077 889
1078 1408
1079 283
108 923
1080 1527
1081 536
1082 468
1083 2021
1084 453
1085 1785
1086 782
1087 1962
1088 2227
1089 143
109 770
1090 918
1091 253
1092 1284
1093 898
1094 151
1095 1859
1096 763
1097 1181
1098 1874
1099 2182
11 419
110 1378
1100 1001
1101 1452
1102 2252
1103 2360
1104 1591
1105 892
1106 1304
1107 1967
1108 585
1109 842
111 424
1110 1772
1111 1964
1112 2344
1113 1301
1114 1805
1115 927
1116 1108
1117 256
1118 824
1119 1845
112 2177
1120 2399
1121 1283
1122 1649
1123 1538
1124 2262
1125 2017
1126 2256
1127 2238
1128 1827
1129 1511
113 1395
1130 1586
1131 364
1132 764
1133 238
1134 388
1135 406
1136 1541
1137 360
1138 604
1139 717
114 1973
1140 178
1141 340
1142 2372
1143 1826
1144 1004
1145 1498
1146 1855
1147 148
1148 746
1149 1576
115 1727
1150 87
1151 12
1152 980
1153 481
1154 1229
1155 2343
1156 2338
1157 1904
1158 1364
1159 1216
116 1971
1160 1712
1161 1667
1162 731
1163 2180
1164 2203
1165 2293
1166 1625
1167 1478
1168 307
1169 747
117 2124
1170 1137
1171 1997
1172 1296
1173 2001
1174 1676
1175 73
1176 2213
1177 1389
1178 328
1179 976
118 1221
1180 2240
1181 1354
1182 790
1183 48
1184 243
1185 545
1186 225
1187 342
1188 755
1189 2060
119 1298
1190 2385
1191 1836
1192 1403
1193 302
1194 1104
1195 1839
1196 2384
1198 1046
1199 2157
12 644
120 851
1200 718
1201 2375
1202 65
1203 2014
1204 626
1205 2413
1206 2336
1207 2332
1208 819
1209 166
121 2327
1210 6
1211 818
1212 1178
1213 157
1214 534
1215 1183
1216 1407
1217 1362
1218 309
1219 981
122 323
1220 2427
1221 1992
1222 881
1223 1218
1224 602
1225 2089
1226 1213
1227 1919
1228 1279
1229 110
123 478
1230 1134
1231 398
1232 454
1233 1128
1234 2013
1235 2061
1236 2005
1237 833
1238 2311
1239 567
124 1096
1240 2216
1241 663
1242 2037
1243 952
1244 767
1245 1735
1246 1366
1247 1220
1248 1615
1249 907
125 1784
1250 1600
1251 1693
1252 2100
1253 616
1254 1630
1255 713
1256 2122
1257 2050
1258 1139
1259 995
126 1764
1260 969
1261 2314
1262 950
1263 1604
1264 54
1265 1782
1266 1273
1267 777
1268 2410
1269 352
127 1062
1270 411
1272 641
1273 869
1274 84
1275 912
1276 1942
1277 2242
1278 1899
1279 476
128 2168
1280 597
1281 474
1282 2103
1283 1092
1284 1230
1285 2434
1286 861
1287 47
1288 513
1289 1532
129 2317
1290 1268
1291 1470
1292 1590
1293 1614
1294 1381
1295 549
1296 155
1298 471
1299 578
13 1502
130 2142
1300 1810
1301 2123
1302 964
1303 332
1304 2245
1305 410
1306 1570
1307 989
1308 1528
1309 872
131 2392
1310 1243
1311 1933
1312 141
1313 196
1314 757
1315 1606
1316 637
1317 2396
1318 1290
1319 1399
132 1352
1320 1012
1321 91
1322 1587
1323 1005
1324 413
1325 1988
1326 1781
1328 2024
1329 955
133 2033
1330 2224
1331 613
1332 1103
1333 1109
1334 661
1335 2044
1336 33
1337 2290
1338 1920
1339 180
134 803
1340 123
1341 64
1342 1651
1343 1048
1344 1877
1345 2191
1346 2340
1347 724
1348 722
1349 457
135 1186
1350 2020
1351 124
1352 203
1353 2320
1354 2225
1355 1331
1356 1440
1357 1546
1358 1691
1359 1507
136 1405
1360 2152
1361 104
1362 416
1363 1800
1364 1742
1365 620
1366 800
1367 2041
1368 564
137 1050
1370 1889
1371 594
1372 879
1373 2292
1374 197
1375 1054
1376 966
1377 57
1378 1665
1379 1339
138 435
1380 581
1381 1205
1382 68
1383 1253
1384 517
1385 1778
1386 379
1387 2366
1389 970
139 2201
1390 601
1391 532
1392 1771
1393 1951
1394 324
1395 1503
1396 1728
1397 1977
1398 1941
1399 2052
14 351
140 1864
1400 209
1401 1105
1402 2208
1404 1593
1405 1683
1406 821
1407 414
1408 579
1409 1312
141 1149
1410 957
1412 1394
1413 1822
1414 1745
1415 1340
1416 961
1417 1768
1418 319
1419 826
142 1674
1420 1163
1421 1411
1422 2391
1423 2138
1424 199
1425 2043
1426 1449
1427 965
1428 177
1429 831
143 862
1430 696
1431 991
1432 2047
1433 467
1434 2035
1435 2012
1436 1448
1437 2163
1438 1391
1439 214
144 142
1440 1313
1441 20
1442 1390
1443 156
1444 480
1445 1661
1446 75
1447 1015
1448 1309
1449 484
145 1106
1450 1215
1451 2389
1452 382
1453 1996
1454 1802
1455 42
1456 175
1457 459
1458 801
1459 654
146 736
1460 541
1461 1450
1462 1142
1463 1058
1464 942
1465 325
1466 875
1467 320
1468 229
1469 1436
147 1857
1470 2218
1472 2303
1473 2342
1474 1738
1475 986
1476 2417
1477 1189
1478 439
1479 659
148 1239
1480 242
1481 1387
1482 217
1483 1003
1484 2071
1485 2379
1486 1514
1487 1043
1488 524
1489 486
149 1861
1490 1950
1491 774
1492 797
1493 2403
1494 224
1495 2004
1496 2307
1497 1765
1498 2056
1499 1934
15 491
150 1209
1500 2205
1501 1173
1502 1716
1503 341
1504 2102
1505 192
1506 1122
1507 1540
1508 714
1509 2172
151 1078
1510 2063
1511 338
1512 972
1513 856
1514 2269
1515 329
1516 1219
1517 2054
1518 1035
1519 1659
152 1901
1520 1701
1521 1557
1522 1985
1523 2084
1524 867
1525 1761
1526 1791
1527 1473
1529 2091
153 2305
1530 599
1531 2352
1532 2057
1533 1029
1534 2059
1535 131
1536 1064
1537 580
1538 635
1539 2354
154 815
1540 1894
1541 1133
1542 1446
1543 1668
1544 2051
1545 1944
1546 282
1547 1068
1548 425
1549 2243
155 2016
1550 1888
1551 168
1552 917
1553 1819
1554 1655
1555 1369
1556 2110
1557 2328
1558 2258
1559 1831
156 2423
1560 1843
1561 1479
1562 849
1563 1082
1564 919
1565 1947
1567 962
1568 1166
1569 1177
157 2058
1570 1645
1571 2077
1572 187
1573 1799
1574 1918
1575 2134
1576 547
1577 378
1578 246
1579 2358
158 1388
1580 10
1581 2440
1583 706
1584 333
1585 1804
1586 1989
1587 1259
1588 2370
1589 924
159 247
1590 2367
1591 1384
1592 2247
1594 1288
1595 1490
1596 1461
1597 671
1598 58
1599 1629
16 1197
160 1437
1600 119
1601 278
1602 2107
1603 650
1604 1282
1605 684
1606 1643
1607 1034
1608 1521
1609 705
161 1123
1610 173
1611 1930
1612 512
1613 1940
1614 704
1615 135
1616 1073
1617 1834
1618 2147
1619 710
162 838
1620 1342
1621 2192
1622 608
1623 1348
1624 2386
1625 2104
1626 1518
1627 648
1628 916
1629 1238
163 1281
1630 956
1632 1978
1633 128
1634 230
1635 164
1636 455
1637 1120
1638 1936
1639 1842
164 74
1640 212
1641 149
1642 1454
1643 412
1644 294
1645 560
1646 1922
1647 1607
1648 1688
1649 1421
165 686
1650 1608
1651 810
1652 1182
1653 43
1654 768
1655 249
1656 2347
1657 1896
1658 1456
1659 81
166 404
1660 2329
1661 1081
1662 139
1663 1675
1664 891
1665 2257
1666 1994
1667 1305
1668 362
1669 113
167 1777
1670 2119
1671 1603
1672 1893
1673 2362
1674 1162
1675 2228
1676 1333
1677 1141
1678 1671
1679 2025
168 1945
1680 1409
1681 1850
1682 978
1683 1648
1684 1485
1685 263
1686 2287
1687 461
1688 1501
1689 1114
169 1214
1690 1100
1691 2402
1692 1341
1693 368
1694 675
1695 1091
1696 726
1697 1487
1698 231
17 1318
170 176
1700 1990
1701 2283
1702 318
1703 1174
1704 1442
1705 498
1706 1398
1707 355
1708 2348
1709 1159
171 1074
1711 825
1712 1131
1713 2322
1714 254
1715 1637
1716 2302
1717 2131
1718 514
1719 1582
172 312
1720 967
1721 1689
1722 772
1723 268
1724 267
1725 1167
1726 1153
1727 389
1728 297
1729 1190
173 591
1730 2284
1731 493
1732 1433
1733 1406
1734 52
1735 1422
1736 975
1737 27
1738 259
1739 194
174 280
1740 2431
1741 170
1742 1497
1743 1748
1744 1006
1745 2315
1746 223
1747 1084
1748 1690
1749 557
175 612
1750 45
1751 1700
1752 182
1753 1991
1754 353
1756 2065
1757 1767
1758 766
1759 1692
176 1634
1760 1157
1761 1090
1762 611
1763 996
1764 1420
1765 2187
1766 171
1767 840
1768 2214
1769 204
177 77
1770 1623
1771 440
1772 2308
1773 347
1774 2330
1775 1915
1776 1937
1777 2095
1778 154
1779 852
178 1013
1780 1226
1781 1913
1782 1949
1783 1848
1784 1549
1785 2244
1786 2281
1787 2156
1788 2432
1789 1382
179 1075
1790 756
1791 1699
1792 1480
1793 462
1794 373
1795 1287
1796 2076
1797 576
1798 2175
1799 2150
18 4
180 708
1800 298
1801 745
1802 1056
1803 1828
1804 1572
1805 66
1806 1708
1807 2211
1808 1567
1809 1887
181 2355
1810 1609
1811 778
1812 812
1813 418
1814 2042
1815 587
1816 2188
1817 2179
1818 574
1819 2040
182 1983
1820 1923
1821 1121
1822 835
1823 2349
1824 526
1825 1711
1826 1254
1827 1801
1828 780
1829 130
183 506
1830 1071
1831 443
1832 1289
1833 336
1835 1639
1836 939
1837 1797
1838 376
1839 18
184 1803
1840 2034
1841 974
1842 2409
1843 136
1844 1774
1845 1195
1846 1754
1847 1863
1848 1833
1849 1867
185 985
1850 67
1851 1776
1852 2361
1853 1870
1854 1455
1855 163
1856 741
1857 690
1858 1361
1859 2159
186 174
1860 1610
1861 1824
1862 2068
1863 250
1864 1475
1865 2253
1866 606
1867 1099
1868 1051
1869 1300
187 538
1870 1679
1871 291
1872 859
1874 1330
1875 303
1876 72
1877 169
1878 185
1879 1328
188 1832
1880 2143
1881 670
1882 1694
1883 2378
1884 1907
1885 1494
1886 226
1887 699
1889 2442
189 1112
1890 1565
1891 1065
1892 216
1893 960
1894 1495
1895 1423
1896 1053
1897 2300
1898 1280
1899 1598
19 2278
190 1954
1900 482
1901 1089
1902 1740
1903 1415
1904 2094
1905 507
1906 2346
1907 464
1908 1579
1909 51
191 1169
1910 1508
1911 394
1912 909
1913 31
1914 1883
1915 2007
1916 1145
1917 1594
1918 1543
1919 841
192 1641
1920 1492
1921 317
1922 683
1923 931
1924 1453
1925 1087
1927 1726
1928 2364
1929 968
193 434
1930 876
1931 945
1932 371
1933 1463
1934 208
1935 1306
1936 102
1937 1338
1938 559
1939 1246
194 2072
1940 633
1941 158
1942 2263
1943 2404
1944 1079
1945 1881
1946 1840
1947 2296
1948 571
1949 1929
195 161
1950 1622
1951 1464
1952 239
1953 1462
1954 2028
1955 1986
1956 1248
1957 354
1958 181
1959 2144
196 1696
1960 279
1961 1135
1962 2220
1963 1865
1964 2075
1965 1160
1966 1023
1967 540
1968 1559
1969 1332
197 1510
1970 570
1971 2109
1972 1242
1973 11
1974 572
1975 2113
1976 1909
1977 1168
1978 1960
1979 657
198 2230
1980 375
1981 1426
1982 878
1983 864
1984 1184
1986 2092
1987 427
1988 742
1989 1124
199 773
1990 1037
1991 2310
1992 930
1993 431
1994 2319
1995 1236
1996 575
1997 1094
1998 1033
1999 1621
2 1206
20 614
200 727
2000 1547
2003 420
2004 1194
2005 1808
2006 1792
2007 1
2008 1486
2009 1519
201 866
2010 2176
2011 2270
2012 789
2013 1260
2014 1995
2015 108
2016 1028
2017 2232
2018 56
2019 137
202 1677
2020 304
2021 1876
2022 1396
2023 1898
2024 2415
2025 1344
2026 26
2027 345
2028 451
2029 1522
203 1500
2030 2106
2031 1509
2032 2070
2033 652
2034 837
2035 555
2036 1380
2037 1351
2038 539
2039 932
204 2185
2040 344
2041 1057
2042 1045
2043 1192
2044 2055
2045 475
2046 592
2047 277
2048 1584
205 1321
2050 681
2051 32
2052 487
2053 172
2054 1796
2055 275
2056 940
2057 191
2058 1624
2059 1171
206 1653
2060 1757
2061 1718
2062 2145
2063 1085
2064 1383
2065 1041
2066 21
2067 1040
2069 522
207 2304
2070 2153
2071 553
2072 433
2073 235
2074 888
2075 501
2076 794
2077 2210
2078 2357
2079 162
208 1129
2080 1428
2081 1849
2082 1414
2083 813
2084 603
2085 460
2086 893
2087 1713
2088 2069
2089 807
209 1228
2090 44
2091 1472
2092 358
2093 998
2094 190
2095 808
2096 1846
2097 38
2098 1813
2099 1902
21 2022
210 30
2100 944
2101 2010
2102 1852
2103 393
2104 2246
2105 2339
2106 140
2107 381
2108 399
2109 1358
211 760
2110 566
2111 35
2113 150
2114 1866
2115 689
2116 2261
2117 2264
2118 2397
2119 781
212 2117
2120 740
2121 1240
2122 300
2123 2393
2124 134
2125 1882
2126 1356
2127 521
2128 2408
2129 2053
213 711
2130 617
2131 676
2132 987
2133 1536
2134 2183
2135 1672
2136 422
2137 1277
2138 314
2139 62
214 1663
2140 679
2141 1117
2142 1662
2143 2324
2144 834
2145 121
2146 2126
2147 520
2148 380
2149 982
215 339
2150 2118
2151 1416
2152 1111
2153 316
2154 1751
2155 548
2156 2239
2157 510
2158 886
2159 1489
216 885
2160 804
2161 904
2162 266
2163 1856
2164 1031
2165 692
2166 845
2167 2272
2168 639
2169 103
217 2038
2170 1710
2171 497
2172 1790
2173 1504
2174 503
2175 2178
2176 762
2177 2018
2178 2350
2179 702
218 2081
2180 1311
2181 2011
2182 2401
2183 680
2184 2299
2185 1098
2186 678
2187 1574
2188 1895
2189 2390
219 1347
2190 2029
2191 202
2193 98
2194 233
2195 1597
2196 1132
2197 1968
2199 1251
22 1484
220 436
2201 1912
2202 1886
2203 397
2204 90
2205 2137
2206 948
2207 2377
2208 107
221 2162
2210 1670
2211 2099
2212 2429
2213 1438
2214 1555
2215 236
2216 93
2217 423
2218 311
2219 2260
222 289
2220 1879
2221 2200
2222 1717
2223 796
2224 55
2225 1571
2226 1530
2227 207
2228 1482
2229 372
223 1931
2230 232
2231 321
2232 322
2233 1732
2234 466
2236 1302
2237 1601
2238 2383
2239 2002
224 1550
2240 1266
2241 959
2242 1136
2243 2155
2244 1636
2245 1816
2246 1743
2247 2368
2248 660
2249 2083
225 2406
2250 1723
2251 1779
2252 647
2253 1678
2254 39
2255 2160
2256 543
2257 832
2258 1483
2259 2424
226 1140
2260 374
2261 665
2262 2195
2263 2337
2264 41
2265 1838
2266 1733
2267 860
2268 1204
2269 1531
227 2073
2270 642
2271 50
2272 2286
2274 519
2275 2120
2276 1515
2277 1938
2278 2422
2279 730
228 1368
2280 636
2281 97
2282 900
2283 473
2284 1249
2285 445
2286 234
2287 848
2288 568
2289 1392
229 1496
2290 1823
2291 887
2292 1516
2293 1224
2294 357
2295 469
2296 1493
2297 1620
2298 494
2299 625
230 1884
2300 817
2301 356
2302 645
2303 1417
2305 658
2306 544
2307 271
2308 1310
2309 337
231 1580
2310 1459
2311 2097
2312 1376
2313 442
2314 2426
2315 96
2316 36
2317 1981
2318 1101
2319 1444
232 367
2320 1963
2321 1611
2322 95
2323 630
2324 1512
2325 348
2326 2341
2327 984
2328 2158
2329 502
233 1793
2330 1410
2331 561
2332 153
2333 1753
2334 251
2335 798
2336 1371
2337 237
2338 1961
2339 607
234 1736
2340 1315
2341 288
2342 1825
2343 1080
2344 1346
2345 1905
2346 2194
2347 1385
2348 1052
2349 1558
235 615
2350 2318
2351 2166
2352 241
2353 384
2354 1379
2355 1632
2356 1203
2357 550
2358 1885
2359 1032
236 1270
2360 2078
2361 2193
2362 2082
2363 1066
2364 179
2365 511
2366 2316
2367 262
2368 1569
2369 220
237 1293
2370 2125
2371 2048
2372 2085
2373 2237
2374 127
2375 1720
2376 1018
2377 823
2378 1737
2379 646
238 505
2380 1695
2381 2395
2382 632
2383 370
2384 264
2385 1292
2386 787
2387 1118
2388 868
2389 1684
239 1680
2390 1267
2391 703
2392 1566
2393 1116
2394 34
2395 1147
2396 441
2397 500
2398 2190
2399 86
24 1088
240 1596
2400 488
2401 2274
2402 1327
2403 949
2404 415
2405 1424
2406 2181
2407 669
2408 1295
2409 2128
241 2032
2410 1506
2411 1664
2412 99
2413 791
2414 609
2415 2428
2416 1563
2417 2212
2418 1363
2419 1939
242 631
2420 672
2421 222
2422 492
2423 1161
2424 1731
2426 40
2427 1165
2428 2387
2429 1760
243 3
2430 60
2431 1477
2432 1599
2433 1993
2434 1020
2435 1210
2436 761
2437 1418
2438 1943
2439 638
244 2333
2440 1025
2441 707
2442 844
2443 530
2444 458
2445 999
2446 76
2447 1010
2448 1872
2449 814
245 1616
2450 276
2451 2266
2452 489
2453 619
2454 2381
2455 920
2456 1892
2457 1583
2458 2049
2459 2066
246 1443
2460 728
2461 331
2462 2345
2463 2298
2464 446
2465 586
2466 753
2467 1534
2468 405
2469 1170
247 771
2470 1780
2471 1441
2472 1320
2473 820
2474 877
2475 1809
2476 1355
2477 1258
2478 296
2479 167
248 2167
2480 1750
2481 2088
2482 598
2483 1795
2484 2165
2485 979
2486 2438
2487 1635
2488 301
2489 2196
249 1476
2490 1196
2491 2080
2492 1316
2493 896
2494 272
2495 293
2496 1435
2497 2235
2498 1714
2499 1752
25 733
250 219
2500 1113
251 2127
252 117
253 1274
254 147
255 1928
256 284
257 1202
258 2141
259 1009
26 407
260 1638
261 2170
262 22
263 997
264 1439
265 1811
266 165
267 719
268 1897
269 1542
27 1908
270 16
271 677
272 1669
273 2331
274 1869
275 438
276 1152
277 700
278 624
279 1193
28 565
280 1984
281 992
282 1788
283 1829
284 720
285 1589
286 1269
287 2132
288 281
289 928
29 2046
290 365
291 2019
292 531
293 1851
294 863
295 1308
296 1375
297 2433
298 2435
299 299
3 2388
30 2079
301 1525
302 1016
303 1871
304 2115
305 88
306 1890
307 2373
308 525
309 215
31 871
310 2255
311 213
312 2215
313 529
314 2223
315 193
316 63
317 2129
318 1187
319 2359
32 938
320 1682
321 2116
322 518
323 1488
324 2251
325 552
326 385
327 1703
328 1445
329 1400
33 1935
330 2173
331 205
332 2421
333 2146
334 313
335 1946
336 1548
337 1055
338 1739
339 1878
34 734
340 201
341 1393
343 1227
344 1539
345 1617
346 2356
347 1592
348 1658
349 111
35 1256
350 666
351 2351
352 2164
353 2398
354 573
355 2400
356 973
357 915
358 125
359 2271
36 449
360 910
361 527
362 1955
363 101
364 2334
365 392
366 1999
367 908
368 1980
369 1357
37 1430
370 1568
371 133
372 1974
373 1069
374 1353
375 290
376 1278
377 1660
378 662
379 515
38 49
381 310
382 2365
383 2231
384 884
385 1794
386 1014
387 403
388 829
389 1244
39 1011
390 1185
391 255
392 1976
393 890
394 759
395 590
396 1835
397 1276
398 698
399 1821
4 448
40 1537
400 1906
401 788
402 452
403 1077
404 1775
405 691
406 1706
407 1529
408 2313
409 106
41 429
410 450
411 1404
412 1247
413 1517
414 1673
415 305
416 120
417 1806
418 2267
419 2425
42 1853
420 240
421 1644
422 400
424 1201
425 2321
426 1144
427 2291
428 1873
429 391
43 1730
430 649
431 112
432 1059
433 2121
434 1975
435 1686
436 1618
437 1588
438 2197
439 1156
44 2139
440 315
441 1000
442 1562
443 946
444 1681
445 465
446 737
447 588
448 897
449 1987
45 2335
450 1002
451 2090
452 1326
453 758
454 2369
455 2285
456 1434
457 2277
458 721
459 366
46 186
460 988
461 1042
462 2184
463 1654
464 1807
465 1633
466 732
467 2086
468 265
469 426
47 1143
470 1612
471 260
472 269
473 1697
474 1734
475 2405
476 1468
477 1264
478 1970
479 653
48 857
480 1719
481 1535
482 105
483 2325
484 569
485 1744
486 1307
487 906
488 682
489 1631
49 2411
490 387
491 330
492 7
493 1323
494 350
495 2248
496 2297
497 1770
498 709
499 2265
5 1107
50 1841
500 853
501 383
502 2380
503 1755
504 2
505 1467
506 1786
507 390
508 983
509 688
51 1199
510 640
511 2326
513 1007
514 15
515 114
516 822
517 2140
518 600
519 183
52 854
520 327
521 206
522 1844
523 408
524 1652
525 1060
526 622
527 1359
528 523
529 287
53 1926
530 563
531 1966
532 1458
533 2275
534 189
535 2430
536 1685
537 218
538 2064
539 1425
54 2353
540 2133
541 2241
542 2093
543 533
544 629
545 589
546 2217
547 349
548 1188
549 244
55 1102
550 2289
551 1725
552 1235
553 1262
554 85
555 1119
556 2015
558 936
559 883
56 1275
560 2394
561 516
562 1401
563 2114
564 925
565 92
566 2039
567 1233
568 1130
569 554
57 697
570 2382
571 144
572 1039
573 1191
574 245
575 584
576 1146
577 13
578 2096
579 1076
58 1158
580 1749
581 285
582 799
583 793
584 593
585 1285
586 929
587 674
588 2295
589 911
59 1914
590 1325
591 1526
592 1959
593 1868
594 1581
595 776
596 712
597 2273
598 1814
599 1957
6 2306
60 421
600 1948
601 1370
602 28
603 1756
604 138
605 160
606 2206
607 1953
608 1858
609 5
61 1815
610 1155
611 2420
612 882
613 132
614 963
615 1419
616 2259
617 1019
618 1724
619 115
62 2130
620 432
621 1299
622 2207
623 1451
624 1429
625 261
626 667
627 934
628 1900
629 2023
63 1343
630 1231
631 894
632 1709
633 1086
634 685
635 947
636 2219
637 2276
638 2136
639 1319
64 2101
640 1847
641 335
642 786
643 2416
644 628
645 61
646 1164
647 1956
649 1125
65 2149
650 504
651 901
652 292
653 2437
654 935
655 2254
656 2202
657 59
658 1575
659 846
66 1773
660 941
661 1245
662 273
663 1024
664 252
665 495
666 274
667 145
668 1505
669 744
67 221
670 1303
671 2376
672 2026
673 483
674 1613
675 1916
676 1958
677 843
678 958
679 485
68 1097
680 1151
681 1491
682 9
683 2108
684 1047
685 1704
686 1471
687 1911
688 1126
689 94
69 1798
690 2374
691 1707
692 895
693 1820
694 2407
695 1554
696 248
697 2067
698 693
699 1729
7 479
70 1952
700 943
701 1360
702 79
704 8
705 1553
706 1241
707 583
708 811
709 409
71 210
710 830
711 2045
712 286
713 1715
714 1017
715 749
716 1979
717 89
718 1998
719 2171
72 2036
720 1560
722 905
723 743
724 1154
725 437
726 582
727 2221
728 880
729 346
73 496
730 490
731 874
732 1271
733 71
734 78
735 1063
736 1335
737 53
738 792
739 1172
74 361
740 228
741 2282
742 69
743 870
744 779
745 528
746 1176
747 828
748 1093
749 2135
75 873
750 29
751 258
752 1533
753 2233
754 1666
755 1854
756 535
757 738
758 2439
759 1350
76 1207
760 152
761 858
762 1573
763 913
764 1257
765 673
766 1386
767 2198
768 227
769 1561
770 2030
771 537
772 1758
773 2323
774 1481
775 2412
776 2087
777 0
778 1474
779 1026
78 723
780 70
781 1070
782 990
783 643
784 1322
785 623
786 1577
787 902
788 1972
789 694
79 2309
791 855
792 2436
793 1234
794 270
795 605
796 1818
797 470
798 1783
799 1880
8 903
80 739
800 1650
801 2268
802 2074
803 1642
804 1072
805 1721
806 2111
807 1921
808 1222
809 1578
81 2279
810 37
811 2249
812 499
813 2062
814 725
815 1083
816 1217
817 1329
818 1789
819 1460
82 865
820 1324
821 783
822 2236
823 396
824 129
825 2003
826 1127
827 556
828 1263
829 1200
83 1372
830 2419
831 542
832 769
833 993
834 1432
835 447
836 1465
837 1657
838 198
839 2148
84 2229
840 109
841 1647
842 1022
843 1286
844 596
845 751
846 1787
847 827
848 1628
849 1469
85 2222
850 954
851 184
852 1297
853 326
854 126
855 100
856 1903
857 1646
858 17
859 610
86 2161
860 477
861 1272
862 2209
863 621
864 634
865 188
866 2363
867 558
868 729
869 1212
87 19
870 994
871 2031
872 1917
873 1556
874 2199
875 618
876 1138
877 1687
878 1067
879 2000
88 1397
880 1447
881 816
882 1924
883 933
884 2414
885 2189
886 509
887 1061
888 748
889 1862
89 1431
890 850
891 369
892 122
893 1175
895 2418
896 1746
897 2371
898 1317
90 2441
900 977
901 417
902 1626
903 1605
904 401
906 1036
907 1640
908 1373
909 577
91 2250
910 1759
911 1466
912 809
913 595
914 655
915 2204
916 1345
917 444
918 1252
919 1021
92 343
920 257
921 80
922 701
923 200
924 971
925 1932
926 1008
927 805
928 308
929 1208
93 836
930 14
931 159
932 735
933 1602
934 795
935 1875
936 1294
937 754
938 2027
939 1545
94 562
940 1198
941 463
942 806
943 1595
944 839
945 1722
947 1232
948 2288
949 306
95 1830
950 1427
951 430
952 1499
953 1585
954 1255
955 1705
956 472
957 1910
958 1374
959 2174
96 1698
960 1044
961 921
962 1030
963 752
964 24
965 377
966 765
967 750
968 2151
969 1524
97 1656
970 1367
971 715
972 395
973 899
974 2009
975 1927
976 914
977 1702
978 1544
979 1513
98 2226
980 546
981 2301
982 716
983 627
984 953
985 1982
986 146
987 2186
988 775
989 428
99 1365
990 456
991 1564
992 1965
993 1115
994 1250
995 1237
996 1211
997 2169
998 363
